2 11 480 3 30
  0   0.000   0.000   0   0    0  480
  1  -1.198  -5.164   3   1    0 1440
  2   5.573   7.114   3   1    0 1440
  3  -6.614   0.072   3   1    0 1440
  4  -7.374  -1.107   3   1    0 1440
  5  -9.251   8.321   3   1    0 1440
  6   6.498  -6.036   3   1    0 1440
  7   0.861   6.903   3   1    0 1440
  8   3.904  -5.261   3   1    0 1440
  9   7.976  -9.000   3   1  276  291
 10  -2.610   0.039   3   1   32   47
 11   4.487   7.142   3   1  115  130
 12   6.687   6.731   3  -1  402  417
 13  -2.192  -9.210   3  -1  322  337
 14  -1.061   8.752   3  -1  179  194
 15   6.883   0.882   3  -1  138  153
 16   5.586  -1.554   3  -1   82   97
 17  -9.865   1.398   3  -1   49   64
 18  -9.800   5.697   3  -1  400  415
 19   1.271   1.018   3  -1  298  313
 20   4.404  -1.952   3  -1    0 1440
 21   0.673   6.283   3  -1    0 1440
 22   7.032   2.808   3  -1    0 1440
 23   0.000   0.000   0   0    0  480